Jahr Durchschnittstemperatur in Grad Celsius
2000   9.87083
2007   9.85583
1994   9.7025
2011   9.635
2002   9.55667
1934   9.55583
2006   9.54583
1999   9.48833
1990   9.48667
2008   9.48167
1989   9.47167
2003   9.37583
1992   9.375
2009   9.18167
1949   9.155
1948   9.06417
1998   9.06417
1911   9.0625
1988   9.06167
1983   9.04333
1959   9.02833
2001   9.01583
1921   9.01417
2005   8.98833
1945   8.98417
1961   8.94583
2004   8.94
1953   8.94
1975   8.92333
1943   8.89667
1995   8.89667
1982   8.89333
1967   8.89083
1997   8.8875
1974   8.82167
1930   8.76417
1926   8.75
1951   8.73167
1977   8.66583
1920   8.6425
1950   8.61167
1938   8.605
1937   8.59417
1957   8.58833
1884   8.5875
1918   8.54833
1913   8.545
1914   8.53667
1947   8.52583
1898   8.52417
1966   8.50917
1993   8.46833
1916   8.46667
1976   8.46167
1935   8.4375
1971   8.42667
1910   8.42417
1960   8.40417
1946   8.39917
1936   8.39
1903   8.37167
1904   8.36917
1882   8.36417
1900   8.36417
1928   8.355
1991   8.35
1932   8.34333
1925   8.33333
1939   8.31333
1944   8.30917
1906   8.30583
1958   8.21667
1973   8.2125
1981   8.19167
1894   8.14667
1968   8.14667
1964   8.13333
1899   8.10167
1927   8.04583
1886   8.03833
1923   7.99917
1905   7.97167
1984   7.96833
1897   7.955
1952   7.95
1915   7.92917
1986   7.92417
1893   7.915
1883   7.9075
1912   7.87
2010   7.84833
1907   7.82083
1972   7.81333
1978   7.785
1885   7.76917
1969   7.755
1979   7.71417
1970   7.71333
1954   7.70083
1901   7.66
1933   7.63
1980   7.625
1896   7.595
1931   7.5575
1917   7.55667
1955   7.54583
1924   7.53667
1892   7.51667
1908   7.4925
1965   7.48
1891   7.4425
1987   7.44
1985   7.4175
1889   7.40167
1929   7.375
1909   7.3675
1881   7.33333
1919   7.33167
1895   7.32833
1890   7.32667
1942   7.295
1922   7.20417
1996   7.20083
1902   7.1925
1941   7.1675
1962   7.15083
1963   7.105
1887   6.97167
1888   6.8725
1956   6.84083
1940   6.6375
